1290
1294
1292
1295
1291
1291
1292
1287
1293
1289
1290
1286
1286
1283
1285
1283
1280
1278
1280
1278
1275
1274
1274
1269
1266
1264
1264
1264
1264
1262
1263
1262
1260
1260
1257
1258
1253
1253
1251
1251
1250
1253
1249
1250
1249
1248
1248
1247
1245
1244
1242
1238
1233
1238
1234
1239
1237
1236
1234
1228
1234
1243
1232
1232
1231
1231
1227
1227
1223
1227
1226
1223
1219
1221
1218
1219
1219
1216
1216
1214
1216
1211
1204
1213
1211
1209
1207
1205
1203
1205
1203
1201
1202
1200
1200
1199
1199
1198
1200
1194
1196
1194
1194
1190
1190
1193
1189
1189
1187
1187
1187
1190
1183
1186
1183
1184
1184
1185
1181
1177
1179
1178
1748
1740
1729
1725
1715
1709
1700
1695
1683
1677
1669
1663
1655
1648
1637
1631
1623
1616
1611
1603
1598
1598
1587
1584
1579
1569
1568
1563
1555
1535
1535
1535
1531
1527
1522
1519
1517
1513
1509
1505
1501
1495
1494
1491
1488
1486
1485
1478
1479
1475
1472
1471
1471
1467
1463
1467
1465
1461
1460
1458
1456
1456
1456
1455
1452
1449
1453
1447
1445
1447
1443
1442
1441
1442
1440
1424
1438
1437
1439
1430
1435
1435
1430
1431
1431
1431
1431
1429
1424
1430
1429
1426
1424
1424
1424
1425
1424
1423
1423
1423
1423
1422
1427
1419
1419
1421
1418
1421
1698
1712
1709
1703
1694
1688
1680
1679
1670
1664
1661
1655
1649
1647
1643
1638
1634
1632
1626
1626
1621
1620
1616
1616
1616
1610
1606
1602
1600
1599
1595
1594
1592
1590
1587
1584
1584
1583
1583
1577
1574
1575
1578
1573
1573
1568
1570
1568
1569
1565
1562
1562
1559
1559
1559
1557
1555
1555
1555
1553
1535
1535
1535
1535
1535
1535
1535
1535
1535
1535
1535
1535
1535
1535
1535
1535
1535
1535
1535
1535
1535
1535
1535
1535
1535
1535
1535
1535
1535
1535
1534
1535
1533
1535
1534
1535
1533
1533
1531
1532
1535
1533
1530
1531
1531
1530
1530
1531
1529
1527
1529
1530
1527
1529
1527
4095
4095
4095
4095
4095
4095
4095
4095
4095
4095
4095
4095
4095
4095
4095
4095
4095
4095
4095
4095
4095
4095
4095
4095
4095
4095
4095
4095
4095
4095
4095
4095
4095
4095
4095
4095
4095
4095
4095
4095
4095
4095
4095
4095
4095
4095
4095
4095
4095
4095
4095
4095
4095
4095
4095
4095
4095
4095
4095
4095
4095
4095
4095
4095
4095
4095
4095
4095
4095
4095
4095
4095
4095
4095
4095
4095
4095
4095
4095
4095
4095
4095
4095
4095
4095
4095
4095
4095
4095
4095
4095
4095
4095
4095
4095
4095
4095
4095
4095
4095
4095
4095
4095
4095
4095
4095
4095
4095
4095
4095
4095
4095
4095
4095
4095
4095
4095
4095
4095
4095
4095
4095
4007
4014
4005
4016
4016
4016
4016
4019
4021
4022
4032
4032
4031
4034
4023
4029
4001
4023
4033
4061
4070
4070
4073
4079
4079
4004
3804
3919
3920
3932
3934
3939
3947
3952
3962
3975
3967
3978
3979
3978
3938
3981
3981
3984
3993
3987
3995
3999
3997
4002
3998
3973
4002
4021
4002
4006
4006
4005
4007
4012
4015
4011
4010
4016
4017
4019
4016
4018
4016
4022
4019
4022
4026
4022
4029
4032
4029
4026
4036
4027
4037
4027
4035
4033
4039
4037
4047
4039
4043
4048
4047
4042
4045
4047
4048
4050
4047
4048
4048
4055
4052
4048
4053
4054
4051
4048
4062
4059
4054
4059
4055
4059
4063
4067
4067
4057
4063
4064
4074
4072
4071
4066
4064
4081
4069
4068
4073
1162
1159
1158
1157
1152
1152
1154
1154
1152
1152
1149
1151
1149
1150
1143
1151
1149
1147
1148
1150
1146
1147
1142
1145
1142
1145
1143
1141
1144
1144
1146
1141
1139
1143
1140
1143
1141
1139
1139
1137
1141
1138
1140
1138
1139
1137
1139
1138
1140
1140
1141
1139
1140
1136
1137
1138
1137
1136
1136
1136
1136
1135
1134
1136
1136
1135
1135
1136
1135
1136
1136
1145
1134
1133
1134
1135
1134
1135
1134
1130
1131
1134
1131
1131
1131
1129
1131
1131
1129
1131
1130
1128
1130
1130
1129
1127
1127
1126
1130
1126
1125
1127
1125
1126
1127
1126
1126
1124
1125
1123
1125
1123
1122
1120
1123
1121
1120
1121
1120
1121
1120
1119
1481
1495
1503
1520
1528
1535
1535
1535
1557
1571
1582
1584
1599
1603
1614
1616
1630
1640
1649
1653
1663
1673
1682
1686
1698
1706
1712
1719
1728
1730
1733
1745
1757
1762
1773
1775
1776
1779
1785
1792
1786
1758
1755
1770
1779
1772
1776
1788
1792
1776
1792
1773
1767
1780
1789
1796
1798
1776
1785
1767
1776
1781
1770
1772
1783
1779
1791
1797
1797
1802
1797
1803
1805
1807
1809
1811
1810
1808
1808
1814
1810
1794
1808
1818
1813
1815
1821
1819
1824
1821
1821
1825
1825
1823
1829
1831
1831
1831
1834
1833
1835
1833
1835
1838
1828
1833
1835
1837
1829
1830
1827
1837
1834
1835
1834
1835
1835
1837
1843
1823
1821
1819
1825
1815
1782
2702
4095
4095
4095
4095
4095
4095
4095
4095
4095
4095
4095
4095
4095
4095
4095
4095
4095
4095
4095
4095
4095
4095
4095
4095
4095
4095
4095
4095
4095
4095
4095
4095
4095
4095
4095
4095
4095
4095
4095
4095
4095
4095
4095
4095
4095
4095
4095
4095
4095
4095
4095
4095
4095
4095
4095
4095
4095
4095
4095
4095
4095
4095
4095
4095
4095
4095
4095
4095
4095
4095
4095
4095
4095
4095
4095
4095
4095
4095
4095
4095
4095
4095
4095
4095
4095
4095
4095
4095
4095
4095
4095
4095
4095
4095
4095
4095
4095
4095
4095
4095
4095
4095
4095
4095
4095
4095
4095
1442
1441
1444
1446
1445
1450
1452
1450
1456
1456
1455
1456
1457
1451
1457
1459
1459
1463
1466
1465
1473
1469
1469
1466
1470
1470
1469
1472
1473
1472
1470
1472
1473
1473
1474
1475
1474
1475
1477
1477
1477
1477
1478
1483
1481
1482
1484
1486
1483
1486
1486
1485
1487
1488
1487
1488
1488
1491
1489
1488
1489
1493
1488
1489
1491
1491
1491
1497
1493
1495
1493
1491
1493
1492
1494
1491
1495
1498
1491
1489
1494
1489
1494
1494
1491
1494
1491
1492
1494
1497
1491
1493
1494
1491
1494
1494
1490
1491
1493
1493
1493
1495
1493
1493
1493
1494
1494
1493
1490
1491
1487
1489
1489
1305
1306
1307
1311
1305
1311
1311
1308
1313
1311
1311
1312
1311
1311
1296
1299
1301
1298
1253
1251
1249
1247
1247
1246
1247
1248
1248
1249
1247
1247
1249
1249
1252
1248
1250
1253
1252
1255
1256
1255
1258
1253
1257
1254
1251
1252
1253
1255
1251
1254
1255
1254
1258
1257
1259
1258
1257
1258
1257
1259
1260
1262
1261
1264
1260
1262
1263
1262
1261
1264
1263
1264
1264
1264
1264
1265
1265
1264
1264
1264
1264
1265
1264
1266
1266
1266
1264
1264
1271
1267
1267
1264
1267
1266
1269
1271
1270
1265
1268
1270
1268
1271
1270
1276
1271
1264
1274
1270
1277
1274
1271
1273
1277
1275
1278
1276
1277
1279
1281
1278
1264

